1, 1
2, 1
3, 2
4, 17
5, 2
6, 16
7, 47
8, 21
9, 14
10, 60
11, 55
12, 89
13, 67
14, 222
15, 128
16, 99
17, 311
18, 262
19, 194
20, 301
21, 496
22, 109
23, 470
24, 140
25, 434
26, 318
27, 433
28, 274
29, 402
30, 575
31, 693
32, 936
33, 748
34, 1104
35, 925
36, 805
37, 600
38, 1426
39, 1689
40, 1462
41, 887
42, 1197
43, 1008
44, 1318
45, 1339
46, 1617
47, 4053
48, 2046
49, 2403
50, 2182
51, 1563
52, 1238
53, 3939
54, 2088
55, 2451
56, 2339
57, 6216
58, 4395
59, 4078
60, 3341
61, 4446
62, 2702
63, 2265
64, 3615
65, 3181
66, 5282
67, 3831
68, 6629
69, 4111
70, 5601
71, 3265
72, 2910
73, 7150
74, 3390
75, 5382
76, 7926
77, 4343
78, 5874
79, 3269
80, 7926
81, 4820
82, 6118
83, 6049
84, 7398
85, 6251
86, 4960
87, 6152
88, 5843
89, 6809
90, 8124
91, 7250
92, 10137
93, 7499
94, 6951
95, 7649
96, 7318
97, 11889
98, 9719
99, 13541
100, 9595
101, 6678
102, 9505
103, 10724
104, 8256
105, 10390
106, 10786
107, 8491
108, 14842
109, 16821
110, 15760
111, 14459
112, 23542
113, 13471
114, 12073
115, 21565
116, 11944
117, 14381
118, 17591
119, 19604
120, 25839
121, 18224
122, 29532
123, 15389
124, 16795
125, 16351
126, 8973
127, 27028
128, 22955
129, 14600
130, 20643
131, 22755
132, 24879
133, 24143
134, 17014
135, 25999
136, 15988
137, 19189
138, 16654
139, 15815
140, 25520
141, 17294
142, 26912
143, 14411
144, 30156
145, 23362
146, 28992
147, 24368
148, 24792
149, 25391
150, 42046
151, 23759
152, 23561
153, 23873
154, 29255
155, 28202
156, 33025
157, 34967
158, 25135
159, 27168
160, 24839
161, 37926
162, 35957
163, 30793
164, 35510
165, 55783
166, 24880
167, 36619
168, 48096
169, 37046
170, 41859
171, 45304
172, 38133
173, 28312
174, 31629
175, 37635
176, 45925
177, 27500
178, 32148
179, 27965
180, 50439
181, 54932
182, 35318
183, 28532
184, 38244
185, 47833
186, 52213
187, 28322
188, 44718
189, 47638
190, 53441
191, 37287
192, 39892
193, 41548
194, 49662
195, 43788
196, 45670
197, 57094
198, 36517
199, 71557
200, 45695
201, 58131
202, 38715
203, 70829
204, 53659
205, 50128
206, 46696
207, 55002
208, 55920
209, 53609
210, 54999
211, 51177
212, 58884
213, 69709
214, 51196
215, 68608
216, 58006
217, 57583
218, 56704
219, 89863
220, 69815
221, 64012
222, 72887
223, 62382
224, 67603
225, 57490
226, 79868
227, 108568
228, 71149
229, 71973
230, 78440
231, 66471
232, 60101
233, 66631
234, 88312
235, 77196
236, 64735
237, 95526
238, 44942
239, 99598
240, 70588
241, 66789
242, 71845
243, 65512
244, 59595
245, 95519
246, 106942
247, 113232
248, 55658
249, 53536
250, 82841
251, 68311
252, 67677
253, 83402
254, 82343
255, 80065
256, 77342
257, 89006
258, 78756
259, 85750
260, 60638
261, 125834
262, 104835
263, 121469
264, 89626
265, 122975
266, 75190
267, 80623
268, 103841
269, 130403
270, 105506
271, 117716
272, 66543
273, 114165
274, 123103
275, 96058
276, 104751
277, 115043
278, 129242
279, 101644
280, 118792
281, 140614
282, 116813
283, 100645
284, 133315
285, 96302
286, 158906
287, 115189
288, 88673
289, 142087
290, 131946
291, 147333
292, 89914
293, 88930
294, 99869
295, 151845
296, 107570
297, 144928
298, 142388
299, 112916
300, 199599
301, 127298
302, 181464
303, 123036
304, 182700
305, 135273
306, 128537
307, 225479
308, 129660
309, 279297
310, 138011
311, 116118
312, 136207
313, 113961
314, 96741
315, 137793
316, 110430
317, 116012
318, 124592
319, 241598
320, 130714
321, 174761
322, 226338
323, 139717
324, 205880
325, 154691
326, 147236
327, 165568
328, 136779
329, 154440
330, 185337
331, 164706
332, 223231
333, 188563
334, 171483
335, 159114
336, 249674
337, 158126
338, 154058
339, 166883
340, 156372
341, 165246
342, 198503
343, 216828
344, 196287
345, 160902
346, 157154
347, 134425
348, 137020
349, 152742
350, 147429
351, 144920
352, 160518
353, 154370
354, 183447
355, 317093
356, 146194
357, 185772
358, 207031
359, 151824
360, 158274
361, 138071
362, 199434
363, 237359
364, 233002
365, 181718
366, 172193
367, 163478
368, 216922
369, 160243
370, 220059
371, 363432
372, 189098
373, 222198
374, 290009
375, 178046
376, 143514
377, 249413
378, 298536
379, 332660
380, 205786
381, 283927
382, 209158
383, 301233
384, 163713
385, 238781
386, 278230
387, 200743
388, 280966
389, 216567
390, 167882
391, 300962
392, 220331
393, 168620
394, 265718
395, 207781
396, 252028
397, 237925
398, 269742
399, 312255
400, 317909
401, 258158
402, 215617
403, 247364
404, 174844
405, 211319
406, 273267
407, 294168
408, 346831
409, 326109
410, 321911
411, 338018
412, 284796
413, 303731
414, 242501
415, 196694
416, 306010
417, 292478
418, 284119
419, 310543
420, 343568
421, 293351
422, 341472
423, 237753
424, 428509
425, 233087
426, 294747
427, 211017
428, 243687
429, 267154
430, 248267
431, 298842
432, 253771
433, 264814
434, 287718
435, 343159
436, 240028
437, 309915
438, 248579
439, 312125
440, 263641
441, 299719
442, 313605
443, 379890
444, 326646
445, 308755
446, 268408
447, 312347
448, 311246
449, 282348
450, 303526
451, 307207
452, 422077
453, 339905
454, 328619
455, 272333
456, 252692
457, 422374
458, 292711
459, 355873
460, 307058
461, 292879
462, 358781
463, 347350
464, 271300
465, 388249
466, 357466
467, 375596
468, 364351
469, 316729
470, 461619
471, 446057
472, 411935
473, 431623
474, 422356
475, 316898
476, 363821
477, 309288
478, 393804
479, 357531
480, 312500
481, 406488
482, 334005
483, 398989
484, 390357
485, 344001
486, 396224
487, 416608
488, 375886
489, 442667
490, 312290
491, 330045
492, 515592
493, 337515
494, 355358
495, 452452
496, 363558
497, 332457
498, 398796
499, 399164
500, 301210
501, 425635
502, 394529
503, 464549
504, 465895
505, 466853
506, 419417
507, 439034
508, 437759
509, 397306
510, 421245
511, 444810
512, 310580
513, 501051
514, 414434
515, 358741
516, 356731
517, 451616
518, 500331
519, 355701
520, 338342
521, 477787
522, 429079
523, 356381
524, 452338
525, 458347
526, 392046
527, 490682
528, 533078
529, 411049
530, 446900
531, 426524
532, 531939
533, 519743
534, 492511
535, 546963
536, 406284
537, 378645
538, 441135
539, 634897
540, 535867
541, 419439
542, 639850
543, 493411
544, 635557
545, 513371
546, 837821
547, 485746
548, 498404
549, 685500
550, 588343
551, 393198
552, 582802
553, 646585
554, 597442
555, 582321
556, 535531
557, 734176
558, 521397
559, 549984
560, 639925
561, 632538
562, 725904
563, 541725
564, 556650
565, 474760
566, 618905
567, 629572
568, 563374
569, 453064
570, 652761
571, 509156
572, 458539
573, 480912
574, 687525
575, 578229
576, 548494
577, 958901
578, 504332
579, 379166
580, 433246
581, 466697
582, 780170
583, 531828
584, 530980
585, 630133
586, 637897
587, 513063
588, 713765
589, 623048
590, 492427
591, 655191
592, 637349
593, 437400
594, 669631
595, 697927
596, 785607
597, 561436
598, 549517
599, 690748
600, 877860
601, 674462
602, 547487
603, 571076
604, 640926
605, 570932
606, 702688
607, 652409
608, 699095
609, 610789
610, 620343
611, 559889
612, 835731
613, 739543
614, 535887
615, 1010624
616, 861149
617, 791731
618, 661495
619, 598960
620, 744069
621, 663236
622, 795788
623, 693003
624, 736424
625, 747263
626, 785917
627, 808359
628, 810302
629, 531167
630, 579568
631, 763335
632, 496838
633, 1193968
634, 847862
635, 684884
636, 767070
637, 595750
638, 655543
639, 665215
640, 778947
641, 524063
642, 657035
643, 964442
644, 820497
645, 764131
646, 715827
647, 588088
648, 798359
649, 787984
650, 597750
651, 786251
652, 909447
653, 662068
654, 812536
655, 803429
656, 673620
657, 1140970
658, 656681
659, 781776
660, 944243
661, 742646
662, 737796
663, 678444
664, 847386
665, 678907
666, 740765
667, 835194
668, 765205
669, 1004916
670, 664264
671, 888223
672, 968354
673, 823503
674, 680077
675, 725758
676, 1026092
677, 829514
678, 760318
679, 725017
680, 948265
681, 876155
682, 1143922
683, 874937
684, 752120
685, 911187
686, 926256
687, 673034
688, 796050
689, 1027455
690, 1026807
691, 965466
692, 684646
693, 1267187
694, 937796
695, 664066
696, 734204
697, 766027
698, 899913
699, 903279
700, 866262
701, 800375
702, 781077
703, 1037102
704, 963981
705, 596451
706, 884399
707, 1001134
708, 862332
709, 853574
710, 740157
711, 946795
712, 801467
713, 539476
714, 911336
715, 986839
716, 772434
717, 884916
718, 883665
719, 1122495
720, 911517
721, 821126
722, 845783
723, 1095893
724, 932455
725, 820259
726, 966687
727, 833690
728, 1573555
729, 1028738
730, 1045293
731, 795723
732, 945593
733, 1325870
734, 1061634
735, 874857
736, 1090666
737, 986275
738, 956617
739, 965044
740, 962086
741, 1049930
742, 1075426
743, 921746
744, 981100
745, 941638
746, 937415
747, 1108808
748, 1007968
749, 910577
750, 1093197
751, 928338
752, 784467
753, 1306077
754, 1114888
755, 1016543
756, 1170631
757, 1235762
758, 916892
759, 883747
760, 975485
761, 1089989
762, 787019
763, 1179775
764, 1059044
765, 909823
766, 1378823
767, 1275104
768, 1177771
769, 984521
770, 1092460
771, 1310835
772, 979306
773, 1336986
774, 1529141
775, 989057
776, 973697
777, 1028445
778, 1627778
779, 1090188
780, 907650
781, 1657353
782, 1104420
783, 806406
784, 1229424
785, 1083099
786, 1307143
787, 1002317
788, 1044305
789, 1080145
790, 1148185
791, 1122926
792, 1010899
793, 1413306
794, 1214690
795, 1155431
796, 1138889
797, 1271038
798, 1385845
799, 1070381
800, 1174396
801, 1060932
802, 950521
803, 1129622
804, 1168335
805, 938356
806, 1079776
807, 1022977
808, 1917732
809, 1469399
810, 962705
811, 1075956
812, 1201204
813, 947613
814, 996659
815, 1178465
816, 1365271
817, 1115738
818, 963836
819, 1346912
820, 1351255
821, 960089
822, 1009072
823, 1115518
824, 1133269
825, 1223243
826, 1114654
827, 1149344
828, 1288152
829, 1707502
830, 1409934
831, 1327117
832, 1296760
833, 1327082
834, 1355924
835, 1807937
836, 1222759
837, 1372265
838, 1284716
839, 1138556
840, 1158721
841, 1671166
842, 1210486
843, 1422293
844, 1485065
845, 1321978
846, 1899234
847, 1275991
848, 1447261
849, 1285997
850, 1506205
851, 1244753
852, 1377169
853, 1758085
854, 1283960
855, 1488277
856, 1110967
857, 1220954
858, 1419601
859, 1377230
860, 1577082
861, 1370033
862, 1347066
863, 1512213
864, 1609379
865, 1470288
866, 1282265
867, 1381311
868, 1398620
869, 1407747
870, 1552552
871, 1780982
872, 1180226
873, 1644089
874, 1406844
875, 1729282
876, 1510048
877, 1736055
878, 1459259
879, 1633976
880, 1409093
881, 1278801
882, 1463247
883, 1898086
884, 1663331
885, 1232151
886, 1410297
887, 1311656
888, 1571137
889, 1381428
890, 1644116
891, 1141130
892, 1541460
893, 1762062
894, 1268830
895, 1584821
896, 1747269
897, 1667612
898, 1711706
899, 1999731
900, 1267368
901, 1386892
902, 1550127
903, 1648080
904, 1306609
905, 1438327
906, 1377985
907, 1360935
908, 1640341
909, 1871966
910, 1832767
911, 1489970
912, 1455086
913, 1504527
914, 1682890
915, 1521620
916, 2174448
917, 1570981
918, 1573279
919, 1651491
920, 1454813
921, 2025749
922, 1265619
923, 1675458
924, 1541440
925, 1779254
926, 1629366
927, 1493239
928, 1804269
929, 1620060
930, 1785212
931, 1615644
932, 1466449
933, 1702951
934, 1302777
935, 2415181
936, 1412302
937, 1698809
938, 1804594
939, 1864150
940, 1547066
941, 1942067
942, 1838265
943, 1611662
944, 1476367
945, 1431969
946, 1709527
947, 1900135
948, 1609429
949, 1811344
950, 2289907
951, 1859841
952, 2308241
953, 1615505
954, 2024134
955, 2589416
956, 2001787
957, 1575064
958, 1626047
959, 1774419
960, 2072630
961, 1647183
962, 1583276
963, 1678937
964, 2027519
965, 1881668
966, 1817387
967, 1654315
968, 1714730
969, 1987648
970, 1590003
971, 1401068
972, 2172102
973, 2031676
974, 1653259
975, 1624095
976, 1802722
977, 1680546
978, 2040871
979, 1996001
980, 2219383
981, 1807621
982, 1552325
983, 2218402
984, 1546914
985, 1385907
986, 1991215
987, 1805025
988, 2164730
989, 2908931
990, 1799259
991, 1564354
992, 2069585
993, 1762094
994, 2147946
995, 2418187
996, 1719526
997, 1652428
998, 1674915
999, 1874031
1000, 2240989
